8312.888784
8309.166019
8301.446668
8304.007098
8306.956652
8313.526589
8303.044706
8308.870233
8301.782065
8310.173324
8292.628402
8299.314343
8298.859157
8306.274805
8311.76751
8295.161263
8305.524322
8303.169148
8301.794775
8302.802204
8296.727094
8301.283321
8305.772352
8302.981057
8309.284744
8295.630188
8298.965015
8310.564605
8311.82543
8299.257844
8297.496612
8297.890642
8305.600724
8292.686859
8298.896123
8294.550791
8299.317767
8296.570915
8301.2184
8297.904737
8303.108056
8306.94932
8311.76333
8303.994501
8306.054695
8303.198897
8305.181481
8301.75479
8297.333066
8303.351367
8302.144626
8287.99242
8296.083023
8284.90253
8287.807037
8288.758002
8287.533888
8285.848032
8290.056537
8285.095646
8295.824284
8282.799681
8291.574431
8291.753127
8286.119229
8282.230357
8284.858227
8287.25229
8283.363751
8279.545631
8285.315173
8291.184785
8289.671843
8283.983416
8288.822907
8284.673249
8280.229176
8284.716657
8287.667311
8288.398481
8278.258224
8290.141747
8280.113653
8280.63227
8280.454282
8280.842211
8285.606212
8276.614128
8276.1036
8271.51674
8280.405729
8264.248883
8250.162044
8261.026939
8253.561374
8254.104648
8252.551995
8244.77979
8249.586623
8249.672857
8252.586463
8255.25375
8250.197563
8249.701901
8251.35147
8258.873878
8236.18436
8219.860261
8195.38893
8207.26776
8209.562614
8202.815737
8198.81607
8203.971689
8189.515771
8170.595584
8159.97447
8153.010429
8146.641672
8148.435982
8143.570577
8151.294124
8148.973197
8140.752156
8154.279294
8138.291606
8124.058864
8103.35551
8090.536711
8096.959633
8092.810807
8089.362857
8076.344999
8056.929923
8035.076016
8039.700181
8034.878907
8037.384537
8029.847652
8008.359369
8033.985106
8032.530003
8024.1516
8012.134255
8009.659391
7995.257452
8001.794346
7996.085164
7996.121554
7999.708652
7986.410458
7989.284527
7984.687747
7982.015214
7995.229929
7986.08743
7984.269033
7985.039737
7974.755009
7978.846343
7986.605274
7984.067523
7983.313519
7977.761965
7982.623509
7986.781997
7982.91343
7979.142657
7987.41011
7979.320663
7981.116888
7987.126797
7980.251245
7982.316231
7983.918612
7976.879401
7979.240908
7983.674376
7975.277296
7967.241437
7961.646039
7962.332525
7946.177903
7955.702832
7945.320588
7941.057931
7926.838246
7910.650565
7888.320572
7868.379625
7858.710684
7861.770914
7862.677929
7861.141339
7845.109874
7837.225267
7845.752856
7832.245418
7843.771136
7845.951384
7832.567981
7823.718662
7826.423909
7820.307482
7814.717555
7808.261218
7800.257747
7790.086383
7774.732439
7760.051025
7751.351674
7746.693828
7747.796499
7748.99177
7742.784191
7741.131064
7737.616022
7749.889217
7736.689714
7730.390044
7719.399991
7706.6419
7709.145508
7709.460497
7708.87487
7694.400044
7695.834811
7698.240405
7662.709294
7653.223708
7654.617839
7653.962373
7661.131954
7655.99298
7655.282918
7647.615028
7649.988228
7648.106974
7634.971821
7603.163875
7591.353464
7572.207067
7576.983248
7577.839815
7570.202476
7558.347386
7544.341952
7544.778843
7554.672147
7544.603445
7549.17826
7536.59141
7539.831121
7536.929751
7542.188243
7524.964902
7521.308176
7521.862587
7518.103542
7501.25118
7500.852142
7505.271085
7514.012246
7499.185459
7497.654913
7467.005577
7467.317454
7446.951765
7426.945107
7415.993005
7407.281618
7396.886752
7363.650353
7372.716528
7356.570809
7340.174398
7320.511033
7305.721713
7296.610333
7289.741696
7247.283793
7254.928187
7252.349127
7253.334994
7245.815263
7250.404253
7242.856718
7243.5022
7246.557203
7241.517789
7244.230324
7236.573007
7231.474581
7231.305026
7230.79038
7218.483897
7217.202674
7210.754381
7207.266805
7215.921368
7204.131194
7209.846341
7214.416087
7201.996954
7176.406492
7175.20165
7163.107692
7175.206099
7148.017617
7139.439873
7125.402296
7140.878962
7133.024894
7126.869791
7131.984024
7125.987037
7115.269894
7122.034011
7120.513201
7129.548934
7133.761836
7120.535827
7107.414316
7103.965254
7105.527764
7100.444773
7111.068586
7091.724811
7083.09146
7082.094935
7083.885656
7060.096778
7037.030026
7032.634174
7041.328891
7033.999567
7023.56061
7023.453986
7031.320937
7014.726664
7018.113924
7017.17229
7011.973394
6985.273025
6962.063745
6966.172854
6959.794135
6955.628788
6952.136524
6949.464759
6935.149736
6936.369461
6942.931781
6944.919563
6934.12559
6953.347388
6944.42776
6943.168102
6942.819701
6934.771003
6933.798906
6936.272625
6930.871402
6929.490894
6928.56659
6923.679654
6934.296442
6926.229707
6927.747022
6915.984277
6922.376729
6928.593503
6918.875822
6913.284254
6919.012402
6911.882145
6915.117677
6904.667219
6903.856767
6903.655378
6906.671189
6899.353099
6889.560208
6896.784044
6872.784577
6875.769723
6874.396656
6867.89255
6875.260418
6874.022074
6862.175683
6858.477343
6859.764637
6862.387172
6862.266802
6854.909587
6859.394851
6862.019499
6856.345277
6854.963782
6855.969407
6847.95381
6838.088445
6822.342243
6829.457138
6823.831625
6828.172521
6824.96963
6804.629514
6801.957626
6803.023464
6790.558967
6791.87774
6790.796107
6800.663375
6791.430109
6793.294941
6794.877463
6791.509599
6781.961727
6793.038527
6785.22281
6788.632028
6785.756162
6789.819103
6787.729551
6787.629588
6785.110531
6787.575016
6780.71331
6783.331673
6785.13355
6794.471404
6790.45285
6790.792142
6796.377038
6785.098798
6786.127161
6789.827373
6783.466979
6785.900392
6789.127232
6784.37572
6784.003339
6783.414212
6786.857499
6777.728639
6788.284517
6789.038554
6796.565794
6782.969261
6788.744535
6785.021136
6782.985961
6790.013705
6792.928555
6783.358033
6787.753514
6783.812951
6790.366886
6781.345911
6787.359408
6791.818803
6790.48689
6781.20337
6787.514166
6794.323828
6785.004035
6795.145854
6787.499844
6782.522943
6791.786979
6787.643306
6793.300637
6786.417546
6784.557448
6784.04799
6796.280711
6782.93845
6794.315399
6784.588216
6786.001211
6781.538839
6778.428449
6790.848837
6790.497808
6792.988173
6783.716156
6786.198656
6789.547961
6781.537141
6786.194356
6780.383689
6777.3123
6763.66895
6741.957899
6721.945854
6713.36919
6706.652634
6692.839442
6675.891644
6652.591585
6656.893155
6654.0717
6642.100719
6629.715452
6622.751686
6619.61835
6613.290593
6626.082746
6606.753585
6607.65454
6588.007903
6587.720634
6581.64109
6566.357009
6558.750507
6547.308865
6545.053975
6527.402835
6522.074684
6526.875802
6518.796712
6504.884861
6496.890399
6485.834912
6480.112931
6475.766691
6481.434362
6470.590075
6439.154187
6440.678623
6451.47008
6449.486764
6461.519641
6446.854144
6448.760486
6444.120002
6445.387412
6448.603276
6442.962432
6452.10257
6441.676076
6441.808255
6439.254907
6447.992677
6453.339029
6448.180069
6446.621117
6448.119189
6448.226685
6448.285285
6451.655289
6443.475622
6449.254032
6449.864941
6454.740511
6447.27637
6455.148936
6446.126629
6447.817638
6443.033943
6432.617233
6439.218279
6432.335555
6433.322855
6418.774813
6413.33349
6418.336373
6422.381236
6411.476092
6401.8564
6375.700785
6363.043494
6348.477794
6325.288868
6318.490482
6316.669345
6310.742543
6316.83039
6293.184318
6284.012
6283.057961
6284.774679
6287.745849
6285.494178
6279.366005
6287.765833
6284.136203
6286.586052
6292.146518
6285.816896
6284.562628
6279.528733
6283.029098
6282.661323
6279.755223
6276.658615
6279.70689
6276.00774
6255.271216
6259.995152
6260.628361
6262.761469
6261.78717
6265.08275
6261.178479
6265.125728
6267.17229
6249.566188
6257.301017
6260.819303
6260.501074
6258.434694
6262.779108
6264.109585
6261.548004
6262.501166
6265.756557
6258.273906
6258.773047
6261.60797
6259.01025
6251.193277
6261.585024
6261.51329
6262.48581
6264.837626
6263.815613
6261.48652
6260.354257
6269.508155
6246.785253
6235.349005
6221.228373
6222.263245
6203.598381
6190.780221
6186.533136
6188.904833
6188.270164
6189.382141
6185.840321
6190.66506
6184.558811
6188.863577
6191.393562
6195.181398
6187.221815
6188.263099
6178.373505
6150.11062
6145.999142
6149.640916
6151.204687
6154.192983
6149.16501
6146.672295
6151.51395
6144.337311
6143.047375
6135.060248
6134.912751
6128.603428
6131.091937
6122.421522
6118.734271
6116.251656
6098.903327
6104.851797
6085.788178
6056.179162
6060.979031
6060.801008
6053.141494
6061.404799
6054.617159
6052.250833
6055.133907
6055.873509
6051.701038
6055.390758
6046.515582
6055.848389
6052.852432
6047.793015
6051.609947
6055.39299
6060.781881
6054.599401
6059.494717
6054.790475
6053.548963
6058.179686
6056.014457
6056.436855
6051.887159
6057.000587
6058.38886
6057.361482
6061.768103
6051.206276
6056.54292
6049.885294
6054.710304
6051.874166
6055.249701
6053.497347
6056.651494
6052.593854
6055.982021
6053.769774
6051.089081
6048.139681
6057.992618
6054.443066
6061.172951
6055.183311
6061.692865
6053.166352
6055.349709
6051.82812
6056.249183
6047.741053
6057.451167
6054.171178
6052.566419
6051.308175
6053.758566
6055.001874
6056.300111
6053.664147
6057.311715
6057.741934
6054.867227
6053.481507
6050.985138
6062.484907
6052.665869
6057.798342
6040.793536
6039.715212
6041.482785
6037.302937
6041.668029
6033.492952
6035.153676
6029.732497
6031.396544
6035.982813
6029.063261
6036.135421
6030.770964
6024.715785
6011.230737
6003.886432
6010.1819
6016.917274
6010.401242
6001.02199
6004.896212
6003.872101
6010.435886
6004.763125
5982.571627
5980.686029
5967.743659
5965.520835
5956.337723
5959.275663
5945.111018
5937.152974
5936.064489
5936.150807
5940.821676
5931.514823
5938.120045
5938.920356
5936.893539
5943.538609
5933.165853
5928.373613
5935.071778
5929.551458
5938.560174
5924.119511
5930.502724
5924.117507
5923.842854
5913.040835
5905.55147
5900.291929
5893.006616
5893.939877
5897.769285
5880.559769
5890.856154
5890.936519
5894.058859
5886.267664
5892.813858
5888.096997
5884.849946
5889.164654
5884.491773
5866.120408
5859.031182
5859.780175
5859.952389
5860.534437
5861.544293
5847.681927
5844.614363
5830.495149
5813.040556
5790.780452
5791.237571
5794.902435
5797.403733
5799.943668
5790.306034
5793.244284
5795.613602
5768.546744
5774.447861
5777.889513
5774.610724
5771.396389
5767.940393
5763.030084
5758.789244
5743.49971
5723.772417
5704.494401
5705.14539
5711.184917
5715.036995
5720.837628
5725.004297
5723.338681
5722.43324
5715.916295
5700.838225
5687.5589
5680.559905
5654.857865
5646.017599
5638.290895
5631.737797
5622.574364
5599.093902
5579.058992
5574.309621
5567.186947
5568.755981
5557.18912
5546.118075
5541.705197
5532.369118
5536.201813
5536.291685
5527.171875
5525.247502
5508.699315
5501.300282
5508.574785
5493.09835
5472.919569
5467.641997
5469.411231
5458.649067
5457.617378
5462.1619
5465.201181
5456.604944
5456.928609
5458.410075
5457.963922
5457.264381
5451.837129
5452.744671
5459.829572
5452.969376
5458.81593
5457.42928
5461.809948
5462.575968
5453.955261
5449.161647
5453.070607
5458.485394
5457.928075
5460.63619
5455.736265
5460.410497
5462.582771
5460.838265
5451.946132
5449.924037
5455.885468
5463.114062
5463.024971
5457.788521
5456.254591
5453.305752
5459.141051
5460.728247
5461.956582
5456.835297
5458.955773
5452.961437
5458.56084
5457.281509
5457.579886
5452.896439
5450.292511
5455.542259
5456.386785
5457.222444
5453.134507
5449.098306
5456.896644
5450.591038
5458.528621
5464.166098
5455.456287
5454.031385
5453.245575
5453.415155
5457.855464
5438.710352
5429.550683
5429.851036
5432.366191
5428.297135
5440.946271
5443.140919
5439.872843
5432.213788
5432.053746
5432.7133
5431.56475
5428.173135
5439.940945
5436.771352
5439.203583
5439.330095
5430.191281
5429.527691
5433.616503
5432.954118
5431.894292
5429.804785
5436.054394
5433.724958
5435.101285
5415.562772
5410.350417
5407.447417
5405.163125
5383.66166
5381.906775
5377.268748
5377.61667
5363.41472
5357.909157
5357.417924
5349.939991
5364.001674
5361.397947
5366.064196
5363.522664
5358.912526
5372.059448
5361.179886
5372.331322
5363.557567
5369.285079
5359.154337
5355.572817
5359.105485
5362.856781
5367.324296
5363.686673
5360.430897
5338.732888
5322.69402
5320.422176
5307.508018
5294.304338
5296.455843
5277.017133
5272.33137
5276.580168
5283.017428
5249.679205
5222.595145
5221.840725
5222.991508
5221.79089
5223.193597
5222.634313
5227.063081
5228.552077
5224.883198
5220.969413
5233.625835
5235.646133
5231.21071
5232.681582
5228.60675
5226.469734
5226.069548
5289.619631
5288.019512
5291.028444
5290.854076
5284.621036
5300.783853
5283.724316
5295.795006
5296.240148
5303.609235
5288.502009
5292.067759
5293.12316
5290.202749
5285.391568
5287.61592
5292.059323
5270.349005
5283.519217
5297.99452
5285.542927
5272.468699
5308.133331
5290.550338
5294.060186
5288.020418
5270.022084
5278.084616
5292.668981
5301.007889
5293.602607
5286.787268
5282.734514
5273.651991
5289.210653
5290.769226
5283.838704
5274.156309
5291.726161
5287.788551
5285.462499
5284.085097
5303.063161
5292.426935
5296.229972
5284.017163
5283.21949
5284.693651
5281.987705
5295.890723
5304.913568
5292.686306
5293.004871
5290.8661
5299.078956
5299.594397
5283.390649
5289.408092
5280.149796
5287.682593
5286.290515
5281.535251
5288.658593
5285.865751
5288.487685
5283.400873
5277.277806
5272.620518
5300.277404
5281.968956
5300.271602
5296.987269
5316.420697
5324.527875
5327.038819
5338.33918
5358.012031
5355.802107
5350.588782
5342.254904
5366.374168
5382.651392
5391.092956
5376.757414
5374.315735
5373.663205
5372.470322
5396.002885
5384.225897
5383.87182
5375.922332
5377.677945
5384.946533
5370.991827
5371.694743
5378.016528
5388.395501
5402.844548
5395.301173
5400.291787
5399.129858
5411.241252
5441.757533
5451.385585
5459.338994
5446.641483
5442.903411
5430.647632
5448.312083
5463.769205
5466.599069
5450.529859
5483.741241
5482.178324
5468.820796
5463.912276
5488.946903
5497.478469
5477.814827
5494.756785
5497.614304
5512.694729
5522.010396
5529.271364
5537.245507
5559.731837
5561.884251
5576.281591
5569.675962
5580.540686
5573.019513
5576.165854
5584.579035
5590.533618
5608.754674
5629.618672
5621.272635
5632.158687
5634.440448
5644.778736
5639.415006
5629.67112
5632.403143
5652.040173
5629.292886
5634.238018
5630.064073
5634.001077
5624.815957
5626.12765
5630.137239
5649.860052
5641.409749
5662.408095
5673.001765
5680.773942
5690.812824
5686.033885
5708.695704
5707.449134
5698.284121
5701.414095
5697.673872
5703.889703
5688.751669
5702.25564
5728.603838
5737.697179
5757.231064
5760.482046
5752.540212
5757.023646
5752.283261
5756.160387
5768.144948
5754.000054
5741.974824
5749.601296
5767.852719
5758.131331
5748.249018
5751.577429
5754.38252
5744.5637
5738.613597
5761.389676
5743.517177
5747.1438
5750.802603
5753.758766
5747.697255
5743.038282
5755.48255
5758.998776
5752.653634
5769.159955
5753.3783
5756.69596
5747.968173
5741.407929
5752.991751
5760.393786
5754.238495
5750.655699
5752.973296
5755.694015
5755.36677
5751.036837
5773.866119
5765.314378
5749.802912
5757.075874
5752.752431
5754.002492
5748.556602
5756.269814
5753.360477
5768.156773
5795.154134
5791.369663
5779.505686
5783.572642
5802.341175
5790.425199
5805.612862
5800.293757
5795.159729
5822.989019
5838.354553
5859.940229
5872.034155
5885.654704
5886.95662
5894.444903
5879.805107
5896.546093
5878.574578
5897.109926
5896.230175
5898.230216
5907.061078
5914.747414
5941.059937
5936.683244
5961.181996
5967.035309
5964.242937
5961.05369
5948.862467
5943.260426
5980.061304
5969.780178
5987.126731
6013.882146
6013.195308
6020.427236
6024.845385
6015.421404
6022.960507
6020.262995
6012.900544
6025.419289
6040.355404
6048.887055
6066.844831
6077.885839
6064.027512
6079.824492
6092.397171
6083.946221
6079.865023
6102.989827
6120.68631
6144.073556
6134.627154
6162.584945
6169.783112
6182.334661
6203.964489
6218.46044
6210.088102
6209.037318
6229.324714
6257.389767
6262.756099
6256.455843
6254.764297
6266.141654
6273.664342
6276.446866
6286.280532
6295.799269
6319.241893
6333.735689
6332.915592
6334.123686
6329.755254
6340.412195
6346.592308
6362.646867
6368.667476
6367.559971
6363.624673
6348.385247
6352.415704
6355.377683
6365.594681
6375.83021
6365.557449
6365.191535
6386.243796
6383.669015
6371.479342
6380.183943
6367.917778
6385.195603
6369.417909
6367.739134
6378.998963
6397.040835
6382.299943
6388.278681
6380.375569
6392.813234
6391.051438
6403.271342
6388.510328
6385.353728
6385.296764
6393.827648
6400.750241
6407.861494
6407.261586
6408.603983
6415.743965
6406.596382
6413.657964
6410.976712
6409.562072
6399.342123
6410.967577
6412.341107
6422.130809
6442.91174
6449.978092
6466.005644
6463.661894
6461.724474
6456.591707
6461.620397
6460.776207
6450.990835
6456.415382
6457.66881
6455.102374
6458.488763
6478.034901
6487.180124
6487.21881
6460.731908
6478.245599
6463.388122
6470.446937
6466.405913
6464.637021
6471.333848
6478.003405
6479.349338
6489.940734
6514.853823
6532.331749
6536.824128
6540.422253
6540.432988
6555.514534
6571.010482
6582.094711
6589.700907
6588.733341
6603.823578
6611.236265
6609.639307
6607.923191
6615.46001
6623.703336
6627.384936
6626.572239
6636.862843
6636.319547
6665.045538
6676.925633
6671.116371
6678.697026
6679.688614
6678.077615
6711.363925
6713.761589
6729.801041
6730.095398
6721.393589
6723.817018
6730.959535
6728.198058
6722.161261
6727.901841
6729.588689
6730.924397
6733.157651
6738.834332
6737.368607
6743.913335
6739.13049
6749.566895
6730.831801
6743.073912
6739.060286
6741.4188
6755.602068
6747.800076
6740.443246
6736.871544
6738.201187
6740.451976
6734.272154
6738.134301
6745.742308
6750.245595
6750.396007
6756.879726
6774.926639
6785.840584
6794.478525
6820.231865
6810.777338
6811.36563
6802.21865
6815.578671
6799.266762
6801.083604
6813.156818
6798.061867
6789.441547
6804.25054
6817.688417
6807.902566
6804.136182
6804.865296
6807.972252
6814.998011
6793.570927
6804.036934
6810.934981
6788.970779
6786.375135
6812.003244
6806.012103
6794.092479
6780.499358
6781.704084
6804.04756
6796.457313
6795.290881
6814.4019
6805.830471
6811.080329
6809.012022
6805.33071
6794.175897
6802.83916
6818.583395
6797.444267
6813.38346
6823.618072
6817.916433
6810.79772
6801.160027
6814.062024
6789.630234
6802.934523
6809.42872
6801.874856
6807.885772
6821.120384
6808.308674
6827.013407
6826.959016
6824.283398
6793.808439
6810.311739
6801.135433
6811.035084
6807.075015
6816.091786
6807.495194
6814.574744
6805.324397
6815.232166
6848.045891
6838.441457
6862.356516
6890.373494
6906.50176
6906.015846
6928.50656
6928.721949
6940.869592
6947.928195
6977.59665
6986.922848
6990.1586
6993.303198
6995.704229
7018.573583
7017.311215
7032.588927
7037.315408
7025.330691
7035.775176
7058.965272
7065.247149
7072.570564
7081.481197
7090.860739
7103.573141
7116.555992
7121.953213
7136.661451
7150.305683
7157.819301
7174.524758
7183.462097
7213.288245
7217.38454
7217.369843
7231.521202
7239.845343
7232.374586
7227.672907
7219.285149
7214.320401
7233.780029
7219.825871
7232.325211
7236.605198
7224.89996
7238.577498
7221.074054
7224.129309
7225.184334
7235.258689
7217.395645
7245.081516
7234.829587
7231.420005
7230.028708
7241.862059
7233.052888
7220.31211
7242.079362
7230.693684
7230.215452
7240.415499
7231.182922
7219.453026
7220.349617
7236.395251
7238.516844
7229.35067
7228.375881
7240.482257
7251.189326
7238.291045
7227.870974
7230.830137
7240.513544
7229.828193
7229.0801
7225.23354
7240.251115
7239.650145
7228.658045
7222.988785
7237.959127
7235.096174
7219.07952
7223.06961
7226.423592
7220.409923
7238.247994
7236.384693
7241.658101
7226.091138
7225.221422
7233.405475
7241.08848
7224.918098
7227.757702
7227.729025
7229.700818
7241.857691
7243.419729
7239.206357
7233.6271
7226.878901
7224.591074
7232.906451
7221.445543
7228.280633
7222.900864
7228.182835
7234.909428
7225.168981
7226.278738
7228.130517
7221.183326
7226.638082
7233.568643
7227.140856
7236.045642
7242.06884
7227.085861
7231.679033
7243.240079
7230.484571
7237.049915
7222.110738
7227.313218
7223.104547
7239.505443
7229.8025
7232.233904
7236.139331
7228.700715
7235.750042
7226.158757
7225.300078
7224.363175
7220.29003
7230.7648
7232.505724
7221.103707
7223.001443
7235.252038
7234.868289
7230.039353
7226.694015
7228.310263
7221.107388
7227.354446
7227.127667
7234.507635
7223.273955
7234.571466
7224.732927
7221.025028
7233.223026
7232.116946
7219.77795
7229.761454
7228.941526
7220.904225
7228.38405
7230.996211
7242.298764
7224.285621
7223.778931
7232.6561
7239.584083
7228.743235
7220.809622
7225.381174
7229.472492
7233.430916
7224.101614
7231.772877
7224.795778
7211.916827
7230.527147
7229.972273
7234.428109
7216.678349
7227.420747
7234.047394
7213.936342
7217.291486
7218.330607
7216.207346
7214.451924
7227.999604
7232.369748
7220.851863
7221.849429
7220.917019
7216.808752
7225.796323
7212.822261
7236.939941
7234.801407
7220.167737
7221.114687
7239.818742
7228.77484
7236.500377
7216.23873
7227.12358
7217.910645
7222.073642
7223.300822
7222.771963
7229.007847
7218.823589
7225.05625
7234.916057
7237.406245
7232.158688
7227.497469
7219.706945
7235.252376
7219.666999
7218.53767
7214.626546
7224.418586
7230.528059
7229.281959
7232.573002
7226.234947
7229.028057
7232.842736
7227.638716
7223.126513
7235.124719
7223.133963
7223.794493
7228.167199
7225.61329
7222.660657
7232.881925
7228.946127
7228.912287
7225.535689
7233.602258
7220.546328
7225.425739
7223.501776
7226.487098
7217.166469
7230.267481
7225.910184
7228.511069
7233.588152
7240.418647
7235.512395
7237.757295
7230.689376
7230.907098
7236.297198
7233.711758
7230.905845
7224.103019
7223.629809
7210.948354
7220.395781
7230.660692
7223.166559
7211.857039
7229.565676
7223.381763
7228.841404
7225.491989
7228.226024
7225.301722
7224.737615
7222.30194
7229.455708
7233.898391
7223.995529
7232.950957
7234.2458
7229.138953
7232.022973
7219.395548
7225.496936
7220.458705
7227.151572
7231.770625
7217.441523
7214.830033
7224.176836
7222.208836
7230.155307
7221.624898
7222.318514
7230.1575
7224.538913
7230.49405
7219.922105
7225.687599
7227.602881
7226.535298
7224.308755
7226.659323
7238.707684
7237.763285
7236.690875
7230.598128
7231.043018
7230.666539
7235.567885
7232.82046
7232.476883
7240.100582
7223.411655
7229.941955
7224.428704
7228.537608
7238.54599
7241.455112
7238.69665
7237.655463
7249.731681
7230.432049
7224.986359
7240.376391
7231.695156
7242.990723
7233.85477
7232.547856
7232.075412
7230.418124
7236.137162
7247.365318
7240.531175
7230.962536
7235.093387
7247.540628
7232.505732
7235.719714
7235.247359
7229.925981
7226.713872
7227.99574
7234.317426
7226.145856
7233.910714
7222.834381
7224.008082
7234.06151
7224.880216
7222.74691
7224.879148
7233.719354
7231.369772
7225.680617
7227.775152
7221.979007
7220.370768
7213.549871
7219.12848
7227.249573
7225.54645
7224.516003
7229.990053
7227.632808
7218.530521
7216.248438
7220.26819
7228.98569
7222.048501
7220.922031
7228.265855
7210.458327
7236.755461
7233.446978
7220.788624
7223.309499
7220.707706
7221.382186
7227.797426
7224.853524
7217.288709
7220.607605
7220.781097
7227.491867
7218.074545
7218.830256
7215.907762
7220.547201
7225.180468
7231.081318
7222.599858
7216.147645
7226.477523
7227.933972
7221.509382
7214.482232
7213.839784
7220.442077
7217.278346
7219.789604
7225.899932
7210.327342
7218.883369
7218.610953
7224.350363
7219.366964
7213.352993
7233.900888
7228.165685
7227.530704
7218.94217
7208.773567
7226.996598
7217.454382
7225.084355
7212.165734
7222.403491
7228.114918
7219.288024
7217.451978
7235.657658
7245.77921
7236.870848
7231.540275
7225.421787
7226.111941
7220.391056
7229.85213
7231.667717
7224.890477
7215.332298
7231.494474
7235.164839
7242.205733
7233.048695
7217.529903
7213.752794
7223.256461
7230.453416
7221.074054
7222.884902
7222.28959
7236.318024
7223.985232
7234.536674
7226.945166
7228.281914
7232.143609
7221.984351
7233.423875
7226.047792
7229.654241
7237.40246
7232.747819
7228.018642
7225.833671
7232.782897
7219.647078
7223.766465
7230.400371
7214.804869
7228.669038
7228.542174
7229.113561
7221.088606
7233.975753
7233.243472
7231.124466
7225.352825
7217.107429
7226.080284
7228.589085
7229.304309
7228.25927
7221.541012
7229.515359
7235.78559
7233.648768
7241.467142
7226.517498
7227.241882
7229.282957
7239.150447
7224.119946
7224.848106
7230.989368
7222.896605
7229.277861
7234.08711
7225.744023
7231.87876
7228.400933
7220.067918
7237.965704
7228.691682
7228.107289
7234.974055
7231.148438
7235.989134
7210.517782
7224.376459
7237.847713
7226.812272
7219.377134
7227.681513
7224.652384
7230.294026
7227.236136
7220.134454
7232.714889
7234.398693
7240.00586
7232.734008
7217.629377
7237.982024
7221.694152
7233.39022
7218.423058
7229.530081
7221.794115
7232.416551
7226.649151
7234.849677
7228.311886
7225.169722
7222.180605
7229.651479
7219.634539
7243.717538
7222.220825
7216.690875
7223.669779
7231.340507
7236.489472
7224.2847
7227.144012
7241.304122
7245.568508
7223.688029
7225.262958
7223.478633
7225.12543
7216.461137
7225.058038
7222.866553
7230.386106
7208.917671
7225.146627
7217.117135
7234.559772
7227.37141
7221.25837
7224.872416
7222.620284
7231.597512
7235.264649
7225.538464
7228.204615
7240.322197
7210.318536
7214.850043
7235.872974
7233.707316
7223.198582
7237.740926
7229.528916
7229.560303
7228.600766
7221.369304
7224.694726
7213.973715
7219.369251
7215.95766
7233.875491
7236.764
7223.306976
7215.193557
7228.013803
7224.762855
7221.47919
7236.015282
7237.789701
7233.360426
7224.142237
7224.716775
7233.099262
7219.32622
7222.734766
7220.131959
7234.520559
7233.902631
7220.361739
7228.929849
7226.81455
7218.622526
7216.658407
7221.620111
7230.307517
7230.148815
7224.58351
7227.731444
7214.929197
7224.56828
7224.646662
7212.755725
7225.431441
7228.462562
7229.782921
7228.310109
7217.128396
7230.780161
7235.30964
7236.63547
7235.325753
7229.850021
7230.846786
7223.158387
7230.372073
7219.378383
7228.329869
7220.026067
7230.135627
7234.002198
7233.708518
7231.842455
7219.356742
7238.966049
7232.180126
7230.436519
7234.704926
7232.539079
7233.573344
7234.208735
7223.142475
7233.243714
7231.291682
7223.340242
7233.257119
7235.499413
7223.495242
7231.59274
7219.876341
7232.275349
7231.351818
7226.507837
7215.301181
7239.08418
7232.200266
7238.169954
7231.04586
7229.986474
7227.225223
7214.97607
7221.403395
7220.758737
7232.660628
7224.786551
7219.080676
7230.234438
7232.712066
7228.996316
7224.699176
7230.154126
7236.90375
7219.878596
7240.507732
7237.006024
7221.814096
7223.633441
7232.943338
7237.250606
7217.663068
7246.487937
7221.992083
7220.429088
7223.299477
7227.337887
7225.232113
7237.3639
7224.357578
7229.72902
7232.920494
7232.015981
7225.575224
7227.091011
7223.353195
7224.92024
7210.076999
7213.762207
7218.087459
7218.485836
7223.050735
7231.366597
7229.193193
7226.33081
7223.75462
7226.740198
7230.149051
7220.655586
7225.820485
7228.964464
7222.190697
7213.556579
7231.384516
7219.310115
7229.841969
7224.264603
7226.726483
7228.613621
7224.527077
7210.968927
7228.61036
7229.429845
7229.201935
7222.432132
7224.777912
7220.445622
7224.38481
7228.226102
7217.943455
7229.143656
7220.873863
7229.334407
7224.534024
7222.224048
7231.047211
7208.582552
7227.277504
7221.112369
7212.539407
7230.132321
7228.814934
7219.650476
7219.367077
7215.762193
7230.237158
7213.574889
7226.408234
7233.670348
7222.6029
7237.78108
7239.795774
7245.58604
7240.494883
7241.570362
7226.640395
7230.159195
7248.820233
7232.400539
7226.548272
7241.550353
7228.026241
7222.607748
7225.656721
7225.113685
7234.007232
7241.286122
7228.293834
7234.549593
7233.866625
7236.82847
7237.931849
7231.587086
7236.8797
7244.503459
7230.700822
7227.130495
7220.8645
7219.222937
7238.476856
7227.493406
7237.362279
7215.527917
7232.083243
7245.596877
7229.405239
7222.07133
7236.538063
7217.58872
7232.665444
7235.660265
7229.979715
7236.191328
7217.360177
7228.43751
7239.499929
7220.472287
7226.362415
7218.322064
7227.654002
7230.967645
7223.251433
7230.728278
7230.003316
7230.402742
7221.856739
7220.274172
7230.42486
7229.067546
7235.069088
7231.789117
7231.669901
7225.503714
7231.427476
7228.585096
7227.29997
7229.805363
7236.657537
7233.944409
7232.57548
7233.656925
7223.014345
7236.404748
7240.243792
7231.281985
7238.833707
7228.502764
7234.468731
7226.423319
7247.658164
7218.159663
7233.408756
7225.434568
7221.681869
7223.6163
7225.465982
7244.387763
7239.261504
7221.597554
7241.508633
7237.56638
7238.838268
7223.314177
7221.273793
7231.619061
7236.863283
7221.199472
7238.671878
7231.978222
7248.552534
7227.673162
7225.931792
7220.550384
7232.917165
7238.071413
7225.57959
7228.488162
7229.819864
7234.158009
7236.650144
7216.274652
7238.400334
7222.557086
7227.76154
7241.954648
7241.225764
7244.202416
7229.955797
7223.14791
7231.461454
7225.931137
7227.410798
7233.198399
7234.846965
7238.820897
7226.938366
7232.542294
7229.683723
7233.393557
7218.947831
7236.843725
7235.411558
7236.139403
7226.508179
7235.203919
7220.44857
7233.609432
7228.754011
7237.528846
7241.789744
7230.076665
7229.439734
7239.311889
7230.299513
7230.639301
7243.142752
7221.74863
7229.837761
7239.635056
7242.620219
7237.698788
7223.033135
7232.009159
7227.256412
7226.62944
7232.418948
7229.458245
7234.62838
7234.896711
7239.584987
7230.147653
7233.805117
7234.436548
7230.067626
7232.233841
7245.394565
7239.868541
7236.565601
7224.15808
7238.984908
7235.598983
7224.457092
7236.705883
7232.70619
7229.771348
7239.545028
7235.990777
7234.272373
7228.989086
7220.313203
7229.387239
7233.156774
7235.546399
7234.110686
7226.422311
7231.27508
7226.231309
7234.791143
7227.374589
7237.315743
7232.333778
7218.064891
7227.129187
7240.102219
7237.75514
7237.943501
7226.944921
7236.70052
7235.731185
7231.640483
7221.900393
7233.748047
7232.509051
7232.836101
7227.717927
7221.303348
7226.339417
7234.155548
7232.015002
7244.787842
7233.356144
7240.733541
7236.369422
7238.024585
7238.907796
7241.2111
7225.804553
7239.266168
7232.459916
7224.033687
7229.553815
7228.746035
7228.030668
7237.621242
7232.548925
7230.489874
7227.200448
7224.694442
7218.569596
7209.947966
7228.822963
7225.052525
7218.971664
7205.196135
7221.765174
7227.417702
7224.279063
7229.336877
7212.588963
7207.957657
7218.835053
7219.275923
7218.262081
7222.95272
7223.641105
7228.15569
7228.398114
7226.504925
7218.371389
7220.186549
7232.55818
7220.311811
7215.377442
7215.027864
7223.615884
7213.305038
7212.585434
7224.690414
7227.572097
7220.133261
7218.062131
7225.281373
7224.118142
7224.145219
7223.113054
7236.994341
7239.279056
7230.633572
7228.742676
7235.411043
7241.131866
7231.305512
7224.955421
7241.198603
7246.888407
7240.242298
7247.389347
7242.632479
7236.541612
7224.398418
7230.244574
7230.256165
7227.958549
7231.178011
7238.17246
7237.558947
7236.898991
7237.324301
7240.660843
7238.096093
7236.499266
7238.589387
7227.877919
7226.494723
7237.090499
7243.420836
7249.1962
7242.075125
7239.68138
7225.767931
7220.895096
7238.732569
7231.651394
7228.884183
7236.953221
7243.914183
7228.067339
7228.216897
7223.721343
7241.461992
7234.706514
7236.911226
7235.651872
7246.768231
7236.680882
7242.119231
7231.849146
7241.398351
7241.325595
7234.912548
7226.064199
7238.165802
7244.391139
7242.486806
7228.459661
7221.714361
7228.030498
7241.926811
7236.15134
7235.167947
7237.249774
7228.721311
7231.462246
7233.166739
7233.222208
7230.06372
7233.686778
7233.750171
7230.835745
7231.453042
7232.405483
7229.268122
7240.508749
7232.51373
7236.842466
7241.479826
7236.481707
7243.104836
7227.169897
7246.989585
7249.910131
7235.73243
7237.713995
7225.162191
7250.172611
7235.273635
7239.619501
7237.894106
7219.524533
7236.574832
7249.754368
7225.126531
7234.894225
7232.012937
7238.193467
7234.443829
7239.319414
7241.46037
7238.262575
7228.678005
7235.321219
7232.114382
7230.795427
7244.913163
7235.388332
7228.4642
7220.665161
7232.681348
7225.56769
7224.385256
7237.403987
7232.322526
7227.6098
7211.34587
7229.47363
7243.244063
7238.805288
7229.313941
7227.3205
7233.755568
7232.52686
7225.796191
7231.173276
7226.063232
7235.121033
7236.746863
7236.656283
7242.279726
7236.169506
7235.449346
7241.955112
7236.302566
7234.330262
7237.249391
7235.388826
7238.703145
7231.6225
7234.417839
7224.703387
7229.250384
7232.197315
7234.619996
7231.410478
7239.313262
7241.883207
7239.924617
7235.882129
7229.38325
7239.331526
7235.309362
7234.167805
7243.801278
7237.643105
7235.530468
7223.895435
7232.604035
7240.103385
7232.193416
7228.543442
7228.201231
7230.383637
7239.585498
7236.788424
7233.960828
7237.972149
7238.34611
7231.572451
7219.545482
7235.832258
7239.652906
7234.346143
7229.651939
7230.663701
7237.215665
7231.982496
7234.649217
7229.672118
7229.721446
7230.542282
7236.478757
7232.319819
7230.253855
7233.142243
7223.057717
7225.964663
7226.078612
7224.913432
7224.969144
7235.081291
7230.716815
7235.613943
7241.767865
7221.423134
7230.633978
7228.86208
7230.76713
7222.836527
7227.964695
7238.324993
7228.636458
7235.936468
7232.105869
7238.265855
7241.943115
7238.790979
7234.886511
7233.504197
7244.222004
7235.079668
7232.32521
7229.832682
7235.778377
7236.562619
7233.409132
7227.137405
7230.107495
7236.481049
7236.32148
7233.669477
7231.91226
7225.472356
7222.382044
7240.082001
7236.346394
7234.819078
7238.425977
7229.870179
7235.783045
7225.793092
7237.418693
7229.707569
7225.494359
7234.611113
7223.588959
7228.240497
7234.720095
7238.930158
7234.622002
7240.756913
7229.868367
7234.492786
7231.802005
7236.35028
7240.071729
7243.414563
7241.853569
7231.384418
7239.510028
7233.161914
7232.64361
7231.356537
7230.051216
7233.695248
7244.397821
7229.260494
7236.87557
7232.057195
7235.207799
7242.076889
7229.652309
7245.286119
7241.645045
7227.446862
7229.681234
7235.560202
7233.961569
7236.534303
7235.592192
7238.428549
7232.419318
7222.631176
7232.447172
7235.343427
7235.486794
7236.97727
7236.547514
7226.548585
7221.748594
7219.125146
7233.21271
7233.934655
7236.530236
7226.772366
7230.561102
7226.349726
7232.496648
7246.152385
7226.070412
7232.504406
7232.950607
7228.323855
7230.106147
7228.376324
7214.813371
7237.389051
7244.499865
7232.75833
7224.359844
7235.570422
7221.873158
7237.29862
7246.512027
7234.025772
7225.620845
7226.534212
7229.793948
7226.974515
7228.196765
7231.199646
7237.832798
7244.360012
7225.620438
7233.435191
7242.595073
7228.635328
7227.470299
7228.308773
7234.848816
7239.852854
7235.812932
7238.912525
7235.184285
7227.565452
7240.255578
7230.21959
7232.595056
7228.692279
7237.688697
7238.32051
7247.210383
7234.894149
7228.480394
7242.78485
7236.483449
7230.35692
7246.399109
7236.977636
7240.279574
7231.486568
7233.329938
7220.270985
7236.309242
7231.659913
7238.216334
7230.09124
7240.787859
7231.78911
7221.4775
7226.114452
7237.304069
7229.736879
7228.577032
7228.404731
7222.289749
7233.778609
7223.499293
7221.945605
7228.211325
7231.629068
7233.135374
7226.639066
7227.410046
7225.591538
7223.248244
7232.189633
7224.307557
7221.756408
7235.139541
7237.397196
7221.983366
7227.339556
7229.605693
7217.201239
7227.559933
7237.41045
7222.262158
7240.64584
7233.743261
7236.086912
7225.831889
7250.469427
7230.3015
7244.139026
7227.872411
7236.441728
7224.384444
7240.707132
7248.104077
7242.814217
7236.432452
7235.113165
7243.338985
7241.644405
7230.327338
7235.092271
7214.489311
7230.765931
7229.833311
7246.374523
7246.838568
7243.470893
7248.309613
7242.475468
7239.518939
7235.225469
7232.405983
7231.054999
7245.642146
7241.763582
7240.31963
7230.606516
7242.426209
7238.104802
7238.635362
7226.067338
7236.951089
7235.257503
7232.955493
7242.673022
7244.306705
7227.393664
7242.609942
7239.514802
7229.159603
7242.346415
7234.848327
7239.539701
7246.756528
7235.758992
7255.071933
7237.588892
7242.582068
7247.368777
7241.341822
7254.776203
7239.610632
7243.831884
7249.6684
7240.33076
7235.518209
7246.027958
7246.428818
7235.547978
7241.263468
7241.914444
7236.080832
7252.548478
7229.860095
7243.285619
7251.101503
7246.809888
7252.357593
7246.8434
7235.982983
7240.725791
7253.574158
7235.733155
7253.683373
7233.811091
7249.212717
7234.463708
7239.617534
7245.03426
7245.504572
7240.101275
7246.9456
7246.8043
7238.587829
7239.087207
7238.671219
7241.491649
7243.176122
7241.382663
7251.426958
7234.012931
7243.636286
7246.931377
7237.604021
7252.803753
7253.33301
7247.753685
7238.10834
7237.559543
7245.065528
7241.60789
7249.240885
7239.343728
7238.502617
7245.245259
7248.561429
7245.974463
7242.812368
7243.424236
7249.224612
7247.639652
7257.637713
7249.77276
7257.251911
7242.393333
7240.196045
7237.252214
7246.536782
7254.718925
7253.932882
7240.471157
7245.599932
7253.994937
7246.437244
7237.850141
7246.543129
7238.237898
7252.220435
7240.248438
7246.746125
7244.090925
7244.664975
7251.284736
7232.208368
7235.171384
7241.944013
7243.917125
7244.115569
7238.121028
7246.108187
7239.459864
7242.684406
7232.987252
7250.138755
7231.47502
7243.010036
7242.176474
7245.171718
7234.476504
7246.565441
7254.781023
7246.981748
7235.711698
7244.286025
7238.863876
7248.381185
7231.926036
7250.312896
7237.638454
7244.475201
7246.073972
7233.144259
7237.245483
7242.317378
7250.52984
7246.945665
7246.415907
7247.305441
7242.55512
7241.530497
7232.506753
7238.634668
7248.209336
7246.006199
7261.715252
7239.489006
7234.405036
7240.927262
7235.317087
7244.480118
7233.659081
7241.031604
7242.928798
7237.676322
7231.289039
7248.918463
7240.07947
7249.525506
7255.427735
7230.485269
7239.010551
7244.169653
7229.317581
7235.24897
7233.590394
7249.309743
7239.016534
7242.632221
7243.810152
7237.349071
7248.81627
7235.059694
7237.788371
7233.133162
7232.441623
7248.33756
7245.092916
7229.041505
7231.634714
7243.583867
7238.620735
7244.177239
7243.033467
7239.175029
7236.245731
7234.426934
7236.519835
7245.719316
7229.296807
7238.403649
7238.081913
7242.460744
7243.194021
7241.894844
7236.778814
7239.443636
7239.860248
7235.034177
7244.027448
7252.30596
7235.169545
7242.359114
7233.291688
7233.855152
7252.960288
7239.951921
7236.443967
7249.883551